FoamFile
{
    version 2.0;
    format ascii;

    root "..";
    case ".";
    instance "constant";
    local "polyMesh";

    class faceList;
    object faces;
}

684
(
4(4 5 6 7)
4(1 2 6 5)
4(8 9 10 11)
4(5 6 10 9)
4(12 13 14 15)
4(9 10 14 13)
4(16 17 18 19)
4(13 14 18 17)
4(20 21 22 23)
4(17 18 22 21)
4(24 25 26 27)
4(21 22 26 25)
4(28 29 30 31)
4(25 26 30 29)
4(32 33 34 35)
4(29 30 34 33)
4(36 37 38 39)
4(33 34 38 37)
4(40 41 42 43)
4(37 38 42 41)
4(44 45 46 47)
4(41 42 46 45)
4(48 49 50 51)
4(45 46 50 49)
4(52 53 54 55)
4(49 50 54 53)
4(56 57 58 59)
4(53 54 58 57)
4(60 61 62 63)
4(57 58 62 61)
4(64 65 66 67)
4(61 62 66 65)
4(68 69 70 71)
4(65 66 70 69)
4(72 73 74 75)
4(69 70 74 73)
4(76 77 78 79)
4(73 74 78 77)
4(80 81 82 83)
4(77 78 82 81)
4(84 85 86 87)
4(81 82 86 85)
4(88 89 90 91)
4(85 86 90 89)
4(92 93 94 95)
4(89 90 94 93)
4(96 97 98 99)
4(93 94 98 97)
4(100 101 102 103)
4(97 98 102 101)
4(104 105 106 107)
4(101 102 106 105)
4(108 109 110 111)
4(105 106 110 109)
4(112 113 114 115)
4(109 110 114 113)
4(116 117 118 119)
4(113 114 118 117)
4(120 121 122 123)
4(117 118 122 121)
4(124 125 126 127)
4(121 122 126 125)
4(128 129 130 131)
4(125 126 130 129)
4(132 133 134 135)
4(129 130 134 133)
4(136 137 138 139)
4(133 134 138 137)
4(140 141 142 143)
4(137 138 142 141)
4(144 145 146 147)
4(141 142 146 145)
4(148 149 150 151)
4(145 146 150 149)
4(152 153 154 155)
4(149 150 154 153)
4(156 157 158 159)
4(153 154 158 157)
4(157 158 162 161)
4(5 166 167 6)
4(164 165 167 166)
4(9 168 169 10)
4(166 167 169 168)
4(13 170 171 14)
4(168 169 171 170)
4(17 172 173 18)
4(170 171 173 172)
4(21 174 175 22)
4(172 173 175 174)
4(25 176 177 26)
4(174 175 177 176)
4(29 178 179 30)
4(176 177 179 178)
4(33 180 181 34)
4(178 179 181 180)
4(37 182 183 38)
4(180 181 183 182)
4(41 184 185 42)
4(182 183 185 184)
4(45 186 187 46)
4(184 185 187 186)
4(49 188 189 50)
4(186 187 189 188)
4(53 190 191 54)
4(188 189 191 190)
4(57 192 193 58)
4(190 191 193 192)
4(61 194 195 62)
4(192 193 195 194)
4(65 196 197 66)
4(194 195 197 196)
4(69 198 199 70)
4(196 197 199 198)
4(73 200 201 74)
4(198 199 201 200)
4(77 202 203 78)
4(200 201 203 202)
4(81 204 205 82)
4(202 203 205 204)
4(85 206 207 86)
4(204 205 207 206)
4(89 208 209 90)
4(206 207 209 208)
4(93 210 211 94)
4(208 209 211 210)
4(97 212 213 98)
4(210 211 213 212)
4(101 214 215 102)
4(212 213 215 214)
4(105 216 217 106)
4(214 215 217 216)
4(109 218 219 110)
4(216 217 219 218)
4(113 220 221 114)
4(218 219 221 220)
4(117 222 223 118)
4(220 221 223 222)
4(121 224 225 122)
4(222 223 225 224)
4(125 226 227 126)
4(224 225 227 226)
4(129 228 229 130)
4(226 227 229 228)
4(133 230 231 134)
4(228 229 231 230)
4(137 232 233 138)
4(230 231 233 232)
4(141 234 235 142)
4(232 233 235 234)
4(145 236 237 146)
4(234 235 237 236)
4(149 238 239 150)
4(236 237 239 238)
4(153 240 241 154)
4(238 239 241 240)
4(157 242 243 158)
4(240 241 243 242)
4(242 243 245 244)
4(166 248 249 167)
4(246 247 249 248)
4(168 250 251 169)
4(248 249 251 250)
4(170 252 253 171)
4(250 251 253 252)
4(172 254 255 173)
4(252 253 255 254)
4(174 256 257 175)
4(254 255 257 256)
4(176 258 259 177)
4(256 257 259 258)
4(178 260 261 179)
4(258 259 261 260)
4(180 262 263 181)
4(260 261 263 262)
4(182 264 265 183)
4(262 263 265 264)
4(184 266 267 185)
4(264 265 267 266)
4(186 268 269 187)
4(266 267 269 268)
4(188 270 271 189)
4(268 269 271 270)
4(190 272 273 191)
4(270 271 273 272)
4(192 274 275 193)
4(272 273 275 274)
4(194 276 277 195)
4(274 275 277 276)
4(196 278 279 197)
4(276 277 279 278)
4(198 280 281 199)
4(278 279 281 280)
4(200 282 283 201)
4(280 281 283 282)
4(202 284 285 203)
4(282 283 285 284)
4(204 286 287 205)
4(284 285 287 286)
4(206 288 289 207)
4(286 287 289 288)
4(208 290 291 209)
4(288 289 291 290)
4(210 292 293 211)
4(290 291 293 292)
4(212 294 295 213)
4(292 293 295 294)
4(214 296 297 215)
4(294 295 297 296)
4(216 298 299 217)
4(296 297 299 298)
4(218 300 301 219)
4(298 299 301 300)
4(220 302 303 221)
4(300 301 303 302)
4(222 304 305 223)
4(302 303 305 304)
4(224 306 307 225)
4(304 305 307 306)
4(226 308 309 227)
4(306 307 309 308)
4(228 310 311 229)
4(308 309 311 310)
4(230 312 313 231)
4(310 311 313 312)
4(232 314 315 233)
4(312 313 315 314)
4(234 316 317 235)
4(314 315 317 316)
4(236 318 319 237)
4(316 317 319 318)
4(238 320 321 239)
4(318 319 321 320)
4(240 322 323 241)
4(320 321 323 322)
4(242 324 325 243)
4(322 323 325 324)
4(324 325 327 326)
4(248 330 331 249)
4(250 332 333 251)
4(252 334 335 253)
4(254 336 337 255)
4(256 338 339 257)
4(258 340 341 259)
4(260 342 343 261)
4(262 344 345 263)
4(264 346 347 265)
4(266 348 349 267)
4(268 350 351 269)
4(270 352 353 271)
4(272 354 355 273)
4(274 356 357 275)
4(276 358 359 277)
4(278 360 361 279)
4(280 362 363 281)
4(282 364 365 283)
4(284 366 367 285)
4(286 368 369 287)
4(288 370 371 289)
4(290 372 373 291)
4(292 374 375 293)
4(294 376 377 295)
4(296 378 379 297)
4(298 380 381 299)
4(300 382 383 301)
4(302 384 385 303)
4(304 386 387 305)
4(306 388 389 307)
4(308 390 391 309)
4(310 392 393 311)
4(312 394 395 313)
4(314 396 397 315)
4(316 398 399 317)
4(318 400 401 319)
4(320 402 403 321)
4(322 404 405 323)
4(324 406 407 325)
4(1 5 4 0)
4(164 166 5 1)
4(3 7 6 2)
4(2 6 167 165)
4(5 9 8 4)
4(166 168 9 5)
4(7 11 10 6)
4(6 10 169 167)
4(9 13 12 8)
4(168 170 13 9)
4(11 15 14 10)
4(10 14 171 169)
4(13 17 16 12)
4(170 172 17 13)
4(15 19 18 14)
4(14 18 173 171)
4(17 21 20 16)
4(172 174 21 17)
4(19 23 22 18)
4(18 22 175 173)
4(21 25 24 20)
4(174 176 25 21)
4(23 27 26 22)
4(22 26 177 175)
4(25 29 28 24)
4(176 178 29 25)
4(27 31 30 26)
4(26 30 179 177)
4(29 33 32 28)
4(178 180 33 29)
4(31 35 34 30)
4(30 34 181 179)
4(33 37 36 32)
4(180 182 37 33)
4(35 39 38 34)
4(34 38 183 181)
4(37 41 40 36)
4(182 184 41 37)
4(39 43 42 38)
4(38 42 185 183)
4(41 45 44 40)
4(184 186 45 41)
4(43 47 46 42)
4(42 46 187 185)
4(45 49 48 44)
4(186 188 49 45)
4(47 51 50 46)
4(46 50 189 187)
4(49 53 52 48)
4(188 190 53 49)
4(51 55 54 50)
4(50 54 191 189)
4(53 57 56 52)
4(190 192 57 53)
4(55 59 58 54)
4(54 58 193 191)
4(57 61 60 56)
4(192 194 61 57)
4(59 63 62 58)
4(58 62 195 193)
4(61 65 64 60)
4(194 196 65 61)
4(63 67 66 62)
4(62 66 197 195)
4(65 69 68 64)
4(196 198 69 65)
4(67 71 70 66)
4(66 70 199 197)
4(69 73 72 68)
4(198 200 73 69)
4(71 75 74 70)
4(70 74 201 199)
4(73 77 76 72)
4(200 202 77 73)
4(75 79 78 74)
4(74 78 203 201)
4(77 81 80 76)
4(202 204 81 77)
4(79 83 82 78)
4(78 82 205 203)
4(81 85 84 80)
4(204 206 85 81)
4(83 87 86 82)
4(82 86 207 205)
4(85 89 88 84)
4(206 208 89 85)
4(87 91 90 86)
4(86 90 209 207)
4(89 93 92 88)
4(208 210 93 89)
4(91 95 94 90)
4(90 94 211 209)
4(93 97 96 92)
4(210 212 97 93)
4(95 99 98 94)
4(94 98 213 211)
4(97 101 100 96)
4(212 214 101 97)
4(99 103 102 98)
4(98 102 215 213)
4(101 105 104 100)
4(214 216 105 101)
4(103 107 106 102)
4(102 106 217 215)
4(105 109 108 104)
4(216 218 109 105)
4(107 111 110 106)
4(106 110 219 217)
4(109 113 112 108)
4(218 220 113 109)
4(111 115 114 110)
4(110 114 221 219)
4(113 117 116 112)
4(220 222 117 113)
4(115 119 118 114)
4(114 118 223 221)
4(117 121 120 116)
4(222 224 121 117)
4(119 123 122 118)
4(118 122 225 223)
4(121 125 124 120)
4(224 226 125 121)
4(123 127 126 122)
4(122 126 227 225)
4(125 129 128 124)
4(226 228 129 125)
4(127 131 130 126)
4(126 130 229 227)
4(129 133 132 128)
4(228 230 133 129)
4(131 135 134 130)
4(130 134 231 229)
4(133 137 136 132)
4(230 232 137 133)
4(135 139 138 134)
4(134 138 233 231)
4(137 141 140 136)
4(232 234 141 137)
4(139 143 142 138)
4(138 142 235 233)
4(141 145 144 140)
4(234 236 145 141)
4(143 147 146 142)
4(142 146 237 235)
4(145 149 148 144)
4(236 238 149 145)
4(147 151 150 146)
4(146 150 239 237)
4(149 153 152 148)
4(238 240 153 149)
4(151 155 154 150)
4(150 154 241 239)
4(153 157 156 152)
4(240 242 157 153)
4(155 159 158 154)
4(154 158 243 241)
4(157 161 160 156)
4(242 244 161 157)
4(159 163 162 158)
4(158 162 245 243)
4(246 248 166 164)
4(165 167 249 247)
4(248 250 168 166)
4(167 169 251 249)
4(250 252 170 168)
4(169 171 253 251)
4(252 254 172 170)
4(171 173 255 253)
4(254 256 174 172)
4(173 175 257 255)
4(256 258 176 174)
4(175 177 259 257)
4(258 260 178 176)
4(177 179 261 259)
4(260 262 180 178)
4(179 181 263 261)
4(262 264 182 180)
4(181 183 265 263)
4(264 266 184 182)
4(183 185 267 265)
4(266 268 186 184)
4(185 187 269 267)
4(268 270 188 186)
4(187 189 271 269)
4(270 272 190 188)
4(189 191 273 271)
4(272 274 192 190)
4(191 193 275 273)
4(274 276 194 192)
4(193 195 277 275)
4(276 278 196 194)
4(195 197 279 277)
4(278 280 198 196)
4(197 199 281 279)
4(280 282 200 198)
4(199 201 283 281)
4(282 284 202 200)
4(201 203 285 283)
4(284 286 204 202)
4(203 205 287 285)
4(286 288 206 204)
4(205 207 289 287)
4(288 290 208 206)
4(207 209 291 289)
4(290 292 210 208)
4(209 211 293 291)
4(292 294 212 210)
4(211 213 295 293)
4(294 296 214 212)
4(213 215 297 295)
4(296 298 216 214)
4(215 217 299 297)
4(298 300 218 216)
4(217 219 301 299)
4(300 302 220 218)
4(219 221 303 301)
4(302 304 222 220)
4(221 223 305 303)
4(304 306 224 222)
4(223 225 307 305)
4(306 308 226 224)
4(225 227 309 307)
4(308 310 228 226)
4(227 229 311 309)
4(310 312 230 228)
4(229 231 313 311)
4(312 314 232 230)
4(231 233 315 313)
4(314 316 234 232)
4(233 235 317 315)
4(316 318 236 234)
4(235 237 319 317)
4(318 320 238 236)
4(237 239 321 319)
4(320 322 240 238)
4(239 241 323 321)
4(322 324 242 240)
4(241 243 325 323)
4(324 326 244 242)
4(243 245 327 325)
4(328 330 248 246)
4(247 249 331 329)
4(330 332 250 248)
4(249 251 333 331)
4(332 334 252 250)
4(251 253 335 333)
4(334 336 254 252)
4(253 255 337 335)
4(336 338 256 254)
4(255 257 339 337)
4(338 340 258 256)
4(257 259 341 339)
4(340 342 260 258)
4(259 261 343 341)
4(342 344 262 260)
4(261 263 345 343)
4(344 346 264 262)
4(263 265 347 345)
4(346 348 266 264)
4(265 267 349 347)
4(348 350 268 266)
4(267 269 351 349)
4(350 352 270 268)
4(269 271 353 351)
4(352 354 272 270)
4(271 273 355 353)
4(354 356 274 272)
4(273 275 357 355)
4(356 358 276 274)
4(275 277 359 357)
4(358 360 278 276)
4(277 279 361 359)
4(360 362 280 278)
4(279 281 363 361)
4(362 364 282 280)
4(281 283 365 363)
4(364 366 284 282)
4(283 285 367 365)
4(366 368 286 284)
4(285 287 369 367)
4(368 370 288 286)
4(287 289 371 369)
4(370 372 290 288)
4(289 291 373 371)
4(372 374 292 290)
4(291 293 375 373)
4(374 376 294 292)
4(293 295 377 375)
4(376 378 296 294)
4(295 297 379 377)
4(378 380 298 296)
4(297 299 381 379)
4(380 382 300 298)
4(299 301 383 381)
4(382 384 302 300)
4(301 303 385 383)
4(384 386 304 302)
4(303 305 387 385)
4(386 388 306 304)
4(305 307 389 387)
4(388 390 308 306)
4(307 309 391 389)
4(390 392 310 308)
4(309 311 393 391)
4(392 394 312 310)
4(311 313 395 393)
4(394 396 314 312)
4(313 315 397 395)
4(396 398 316 314)
4(315 317 399 397)
4(398 400 318 316)
4(317 319 401 399)
4(400 402 320 318)
4(319 321 403 401)
4(402 404 322 320)
4(321 323 405 403)
4(404 406 324 322)
4(323 325 407 405)
4(406 408 326 324)
4(325 327 409 407)
4(329 331 330 328)
4(331 333 332 330)
4(333 335 334 332)
4(335 337 336 334)
4(337 339 338 336)
4(339 341 340 338)
4(341 343 342 340)
4(343 345 344 342)
4(345 347 346 344)
4(347 349 348 346)
4(349 351 350 348)
4(351 353 352 350)
4(353 355 354 352)
4(355 357 356 354)
4(357 359 358 356)
4(359 361 360 358)
4(361 363 362 360)
4(363 365 364 362)
4(365 367 366 364)
4(367 369 368 366)
4(369 371 370 368)
4(371 373 372 370)
4(373 375 374 372)
4(375 377 376 374)
4(377 379 378 376)
4(379 381 380 378)
4(381 383 382 380)
4(383 385 384 382)
4(385 387 386 384)
4(387 389 388 386)
4(389 391 390 388)
4(391 393 392 390)
4(393 395 394 392)
4(395 397 396 394)
4(397 399 398 396)
4(399 401 400 398)
4(401 403 402 400)
4(403 405 404 402)
4(405 407 406 404)
4(407 409 408 406)
4(0 4 7 3)
4(4 8 11 7)
4(8 12 15 11)
4(12 16 19 15)
4(16 20 23 19)
4(20 24 27 23)
4(24 28 31 27)
4(28 32 35 31)
4(32 36 39 35)
4(36 40 43 39)
4(40 44 47 43)
4(44 48 51 47)
4(48 52 55 51)
4(52 56 59 55)
4(56 60 63 59)
4(60 64 67 63)
4(64 68 71 67)
4(68 72 75 71)
4(72 76 79 75)
4(76 80 83 79)
4(80 84 87 83)
4(84 88 91 87)
4(88 92 95 91)
4(92 96 99 95)
4(96 100 103 99)
4(100 104 107 103)
4(104 108 111 107)
4(108 112 115 111)
4(112 116 119 115)
4(116 120 123 119)
4(120 124 127 123)
4(124 128 131 127)
4(128 132 135 131)
4(132 136 139 135)
4(136 140 143 139)
4(140 144 147 143)
4(144 148 151 147)
4(148 152 155 151)
4(152 156 159 155)
4(156 160 163 159)
4(161 162 163 160)
4(244 245 162 161)
4(326 327 245 244)
4(408 409 327 326)
4(3 2 1 0)
4(2 165 164 1)
4(165 247 246 164)
4(247 329 328 246)
)
