FoamFile
{
    version 2.0;
    format ascii;

    root "..";
    case ".";
    instance "constant";
    local "polyMesh";

    class vectorField;
    object points;
}

410
(
(0.003470000000 0.000000000000 0.019700000000)
(0.002608283887 0.000000000000 0.019831667307)
(0.002608283887 0.001000000000 0.019831667307)
(0.003470000000 0.001000000000 0.019700000000)
(0.003426750000 0.000000000000 0.019453750000)
(0.002575775046 0.000000000000 0.019583775395)
(0.002575775046 0.001000000000 0.019583775395)
(0.003426750000 0.001000000000 0.019453750000)
(0.003383500000 0.000000000000 0.019207500000)
(0.002543266187 0.000000000000 0.019335883487)
(0.002543266187 0.001000000000 0.019335883487)
(0.003383500000 0.001000000000 0.019207500000)
(0.003340250000 0.000000000000 0.018961250000)
(0.002510757310 0.000000000000 0.019087991582)
(0.002510757310 0.001000000000 0.019087991582)
(0.003340250000 0.001000000000 0.018961250000)
(0.003297000000 0.000000000000 0.018715000000)
(0.002478248416 0.000000000000 0.018840099681)
(0.002478248416 0.001000000000 0.018840099681)
(0.003297000000 0.001000000000 0.018715000000)
(0.003253750000 0.000000000000 0.018468750000)
(0.002445739505 0.000000000000 0.018592207784)
(0.002445739505 0.001000000000 0.018592207784)
(0.003253750000 0.001000000000 0.018468750000)
(0.003210500000 0.000000000000 0.018222500000)
(0.002413230576 0.000000000000 0.018344315890)
(0.002413230576 0.001000000000 0.018344315890)
(0.003210500000 0.001000000000 0.018222500000)
(0.003167250000 0.000000000000 0.017976250000)
(0.002380721630 0.000000000000 0.018096423999)
(0.002380721630 0.001000000000 0.018096423999)
(0.003167250000 0.001000000000 0.017976250000)
(0.003124000000 0.000000000000 0.017730000000)
(0.002348212666 0.000000000000 0.017848532112)
(0.002348212666 0.001000000000 0.017848532112)
(0.003124000000 0.001000000000 0.017730000000)
(0.003080750000 0.000000000000 0.017483750000)
(0.002315703685 0.000000000000 0.017600640228)
(0.002315703685 0.001000000000 0.017600640228)
(0.003080750000 0.001000000000 0.017483750000)
(0.003037500000 0.000000000000 0.017237500000)
(0.002283194686 0.000000000000 0.017352748347)
(0.002283194686 0.001000000000 0.017352748347)
(0.003037500000 0.001000000000 0.017237500000)
(0.002994250000 0.000000000000 0.016991250000)
(0.002250685670 0.000000000000 0.017104856470)
(0.002250685670 0.001000000000 0.017104856470)
(0.002994250000 0.001000000000 0.016991250000)
(0.002951000000 0.000000000000 0.016745000000)
(0.002218176636 0.000000000000 0.016856964597)
(0.002218176636 0.001000000000 0.016856964597)
(0.002951000000 0.001000000000 0.016745000000)
(0.002907750000 0.000000000000 0.016498750000)
(0.002185667585 0.000000000000 0.016609072727)
(0.002185667585 0.001000000000 0.016609072727)
(0.002907750000 0.001000000000 0.016498750000)
(0.002864500000 0.000000000000 0.016252500000)
(0.002153158517 0.000000000000 0.016361180860)
(0.002153158517 0.001000000000 0.016361180860)
(0.002864500000 0.001000000000 0.016252500000)
(0.002821250000 0.000000000000 0.016006250000)
(0.002120649431 0.000000000000 0.016113288997)
(0.002120649431 0.001000000000 0.016113288997)
(0.002821250000 0.001000000000 0.016006250000)
(0.002778000000 0.000000000000 0.015760000000)
(0.002088140328 0.000000000000 0.015865397138)
(0.002088140328 0.001000000000 0.015865397138)
(0.002778000000 0.001000000000 0.015760000000)
(0.002734750000 0.000000000000 0.015513750000)
(0.002055631207 0.000000000000 0.015617505282)
(0.002055631207 0.001000000000 0.015617505282)
(0.002734750000 0.001000000000 0.015513750000)
(0.002691500000 0.000000000000 0.015267500000)
(0.002023122069 0.000000000000 0.015369613429)
(0.002023122069 0.001000000000 0.015369613429)
(0.002691500000 0.001000000000 0.015267500000)
(0.002648250000 0.000000000000 0.015021250000)
(0.001990612913 0.000000000000 0.015121721580)
(0.001990612913 0.001000000000 0.015121721580)
(0.002648250000 0.001000000000 0.015021250000)
(0.002605000000 0.000000000000 0.014775000000)
(0.001958103740 0.000000000000 0.014873829734)
(0.001958103740 0.001000000000 0.014873829734)
(0.002605000000 0.001000000000 0.014775000000)
(0.002561750000 0.000000000000 0.014528750000)
(0.001925594549 0.000000000000 0.014625937891)
(0.001925594549 0.001000000000 0.014625937891)
(0.002561750000 0.001000000000 0.014528750000)
(0.002518500000 0.000000000000 0.014282500000)
(0.001893085341 0.000000000000 0.014378046053)
(0.001893085341 0.001000000000 0.014378046053)
(0.002518500000 0.001000000000 0.014282500000)
(0.002475250000 0.000000000000 0.014036250000)
(0.001860576116 0.000000000000 0.014130154217)
(0.001860576116 0.001000000000 0.014130154217)
(0.002475250000 0.001000000000 0.014036250000)
(0.002432000000 0.000000000000 0.013790000000)
(0.001828066873 0.000000000000 0.013882262385)
(0.001828066873 0.001000000000 0.013882262385)
(0.002432000000 0.001000000000 0.013790000000)
(0.002388750000 0.000000000000 0.013543750000)
(0.001795557613 0.000000000000 0.013634370557)
(0.001795557613 0.001000000000 0.013634370557)
(0.002388750000 0.001000000000 0.013543750000)
(0.002345500000 0.000000000000 0.013297500000)
(0.001763048335 0.000000000000 0.013386478732)
(0.001763048335 0.001000000000 0.013386478732)
(0.002345500000 0.001000000000 0.013297500000)
(0.002302250000 0.000000000000 0.013051250000)
(0.001730539040 0.000000000000 0.013138586910)
(0.001730539040 0.001000000000 0.013138586910)
(0.002302250000 0.001000000000 0.013051250000)
(0.002259000000 0.000000000000 0.012805000000)
(0.001698029727 0.000000000000 0.012890695092)
(0.001698029727 0.001000000000 0.012890695092)
(0.002259000000 0.001000000000 0.012805000000)
(0.002215750000 0.000000000000 0.012558750000)
(0.001665520397 0.000000000000 0.012642803277)
(0.001665520397 0.001000000000 0.012642803277)
(0.002215750000 0.001000000000 0.012558750000)
(0.002172500000 0.000000000000 0.012312500000)
(0.001633011049 0.000000000000 0.012394911466)
(0.001633011049 0.001000000000 0.012394911466)
(0.002172500000 0.001000000000 0.012312500000)
(0.002129250000 0.000000000000 0.012066250000)
(0.001600501684 0.000000000000 0.012147019658)
(0.001600501684 0.001000000000 0.012147019658)
(0.002129250000 0.001000000000 0.012066250000)
(0.002086000000 0.000000000000 0.011820000000)
(0.001567992302 0.000000000000 0.011899127854)
(0.001567992302 0.001000000000 0.011899127854)
(0.002086000000 0.001000000000 0.011820000000)
(0.002042750000 0.000000000000 0.011573750000)
(0.001535482902 0.000000000000 0.011651236053)
(0.001535482902 0.001000000000 0.011651236053)
(0.002042750000 0.001000000000 0.011573750000)
(0.001999500000 0.000000000000 0.011327500000)
(0.001502973484 0.000000000000 0.011403344255)
(0.001502973484 0.001000000000 0.011403344255)
(0.001999500000 0.001000000000 0.011327500000)
(0.001956250000 0.000000000000 0.011081250000)
(0.001470464050 0.000000000000 0.011155452461)
(0.001470464050 0.001000000000 0.011155452461)
(0.001956250000 0.001000000000 0.011081250000)
(0.001913000000 0.000000000000 0.010835000000)
(0.001437954597 0.000000000000 0.010907560671)
(0.001437954597 0.001000000000 0.010907560671)
(0.001913000000 0.001000000000 0.010835000000)
(0.001869750000 0.000000000000 0.010588750000)
(0.001405445128 0.000000000000 0.010659668884)
(0.001405445128 0.001000000000 0.010659668884)
(0.001869750000 0.001000000000 0.010588750000)
(0.001826500000 0.000000000000 0.010342500000)
(0.001372935640 0.000000000000 0.010411777100)
(0.001372935640 0.001000000000 0.010411777100)
(0.001826500000 0.001000000000 0.010342500000)
(0.001783250000 0.000000000000 0.010096250000)
(0.001340426136 0.000000000000 0.010163885320)
(0.001340426136 0.001000000000 0.010163885320)
(0.001783250000 0.001000000000 0.010096250000)
(0.001740000000 0.000000000000 0.009850000000)
(0.001307916614 0.000000000000 0.009915993544)
(0.001307916614 0.001000000000 0.009915993544)
(0.001740000000 0.001000000000 0.009850000000)
(0.001741613766 0.000000000000 0.019925667588)
(0.001741613766 0.001000000000 0.019925667588)
(0.001719907261 0.000000000000 0.019676602038)
(0.001719907261 0.001000000000 0.019676602038)
(0.001698200732 0.000000000000 0.019427536493)
(0.001698200732 0.001000000000 0.019427536493)
(0.001676494179 0.000000000000 0.019178470951)
(0.001676494179 0.001000000000 0.019178470951)
(0.001654787603 0.000000000000 0.018929405413)
(0.001654787603 0.001000000000 0.018929405413)
(0.001633081003 0.000000000000 0.018680339878)
(0.001633081003 0.001000000000 0.018680339878)
(0.001611374380 0.000000000000 0.018431274347)
(0.001611374380 0.001000000000 0.018431274347)
(0.001589667734 0.000000000000 0.018182208819)
(0.001589667734 0.001000000000 0.018182208819)
(0.001567961064 0.000000000000 0.017933143295)
(0.001567961064 0.001000000000 0.017933143295)
(0.001546254370 0.000000000000 0.017684077775)
(0.001546254370 0.001000000000 0.017684077775)
(0.001524547653 0.000000000000 0.017435012258)
(0.001524547653 0.001000000000 0.017435012258)
(0.001502840913 0.000000000000 0.017185946745)
(0.001502840913 0.001000000000 0.017185946745)
(0.001481134149 0.000000000000 0.016936881236)
(0.001481134149 0.001000000000 0.016936881236)
(0.001459427361 0.000000000000 0.016687815730)
(0.001459427361 0.001000000000 0.016687815730)
(0.001437720550 0.000000000000 0.016438750227)
(0.001437720550 0.001000000000 0.016438750227)
(0.001416013716 0.000000000000 0.016189684729)
(0.001416013716 0.001000000000 0.016189684729)
(0.001394306858 0.000000000000 0.015940619234)
(0.001394306858 0.001000000000 0.015940619234)
(0.001372599977 0.000000000000 0.015691553742)
(0.001372599977 0.001000000000 0.015691553742)
(0.001350893072 0.000000000000 0.015442488254)
(0.001350893072 0.001000000000 0.015442488254)
(0.001329186144 0.000000000000 0.015193422770)
(0.001329186144 0.001000000000 0.015193422770)
(0.001307479192 0.000000000000 0.014944357289)
(0.001307479192 0.001000000000 0.014944357289)
(0.001285772217 0.000000000000 0.014695291812)
(0.001285772217 0.001000000000 0.014695291812)
(0.001264065218 0.000000000000 0.014446226338)
(0.001264065218 0.001000000000 0.014446226338)
(0.001242358196 0.000000000000 0.014197160868)
(0.001242358196 0.001000000000 0.014197160868)
(0.001220651150 0.000000000000 0.013948095402)
(0.001220651150 0.001000000000 0.013948095402)
(0.001198944081 0.000000000000 0.013699029939)
(0.001198944081 0.001000000000 0.013699029939)
(0.001177236989 0.000000000000 0.013449964480)
(0.001177236989 0.001000000000 0.013449964480)
(0.001155529873 0.000000000000 0.013200899024)
(0.001155529873 0.001000000000 0.013200899024)
(0.001133822733 0.000000000000 0.012951833573)
(0.001133822733 0.001000000000 0.012951833573)
(0.001112115570 0.000000000000 0.012702768124)
(0.001112115570 0.001000000000 0.012702768124)
(0.001090408384 0.000000000000 0.012453702679)
(0.001090408384 0.001000000000 0.012453702679)
(0.001068701174 0.000000000000 0.012204637238)
(0.001068701174 0.001000000000 0.012204637238)
(0.001046993940 0.000000000000 0.011955571801)
(0.001046993940 0.001000000000 0.011955571801)
(0.001025286683 0.000000000000 0.011706506367)
(0.001025286683 0.001000000000 0.011706506367)
(0.001003579403 0.000000000000 0.011457440936)
(0.001003579403 0.001000000000 0.011457440936)
(0.000981872099 0.000000000000 0.011208375510)
(0.000981872099 0.001000000000 0.011208375510)
(0.000960164772 0.000000000000 0.010959310086)
(0.000960164772 0.001000000000 0.010959310086)
(0.000938457421 0.000000000000 0.010710244667)
(0.000938457421 0.001000000000 0.010710244667)
(0.000916750047 0.000000000000 0.010461179251)
(0.000916750047 0.001000000000 0.010461179251)
(0.000895042649 0.000000000000 0.010212113838)
(0.000895042649 0.001000000000 0.010212113838)
(0.000873335228 0.000000000000 0.009963048430)
(0.000873335228 0.001000000000 0.009963048430)
(0.000871634921 0.000000000000 0.019981816123)
(0.000871634921 0.001000000000 0.019981816123)
(0.000860771523 0.000000000000 0.019732047433)
(0.000860771523 0.001000000000 0.019732047433)
(0.000849908108 0.000000000000 0.019482278745)
(0.000849908108 0.001000000000 0.019482278745)
(0.000839044675 0.000000000000 0.019232510059)
(0.000839044675 0.001000000000 0.019232510059)
(0.000828181224 0.000000000000 0.018982741374)
(0.000828181224 0.001000000000 0.018982741374)
(0.000817317756 0.000000000000 0.018732972692)
(0.000817317756 0.001000000000 0.018732972692)
(0.000806454270 0.000000000000 0.018483204012)
(0.000806454270 0.001000000000 0.018483204012)
(0.000795590766 0.000000000000 0.018233435333)
(0.000795590766 0.001000000000 0.018233435333)
(0.000784727245 0.000000000000 0.017983666657)
(0.000784727245 0.001000000000 0.017983666657)
(0.000773863706 0.000000000000 0.017733897983)
(0.000773863706 0.001000000000 0.017733897983)
(0.000763000149 0.000000000000 0.017484129310)
(0.000763000149 0.001000000000 0.017484129310)
(0.000752136575 0.000000000000 0.017234360639)
(0.000752136575 0.001000000000 0.017234360639)
(0.000741272982 0.000000000000 0.016984591971)
(0.000741272982 0.001000000000 0.016984591971)
(0.000730409373 0.000000000000 0.016734823304)
(0.000730409373 0.001000000000 0.016734823304)
(0.000719545745 0.000000000000 0.016485054639)
(0.000719545745 0.001000000000 0.016485054639)
(0.000708682100 0.000000000000 0.016235285976)
(0.000708682100 0.001000000000 0.016235285976)
(0.000697818437 0.000000000000 0.015985517315)
(0.000697818437 0.001000000000 0.015985517315)
(0.000686954756 0.000000000000 0.015735748656)
(0.000686954756 0.001000000000 0.015735748656)
(0.000676091058 0.000000000000 0.015485979999)
(0.000676091058 0.001000000000 0.015485979999)
(0.000665227342 0.000000000000 0.015236211343)
(0.000665227342 0.001000000000 0.015236211343)
(0.000654363609 0.000000000000 0.014986442690)
(0.000654363609 0.001000000000 0.014986442690)
(0.000643499857 0.000000000000 0.014736674039)
(0.000643499857 0.001000000000 0.014736674039)
(0.000632636088 0.000000000000 0.014486905389)
(0.000632636088 0.001000000000 0.014486905389)
(0.000621772302 0.000000000000 0.014237136742)
(0.000621772302 0.001000000000 0.014237136742)
(0.000610908497 0.000000000000 0.013987368096)
(0.000610908497 0.001000000000 0.013987368096)
(0.000600044675 0.000000000000 0.013737599453)
(0.000600044675 0.001000000000 0.013737599453)
(0.000589180835 0.000000000000 0.013487830811)
(0.000589180835 0.001000000000 0.013487830811)
(0.000578316978 0.000000000000 0.013238062171)
(0.000578316978 0.001000000000 0.013238062171)
(0.000567453103 0.000000000000 0.012988293533)
(0.000567453103 0.001000000000 0.012988293533)
(0.000556589210 0.000000000000 0.012738524897)
(0.000556589210 0.001000000000 0.012738524897)
(0.000545725300 0.000000000000 0.012488756263)
(0.000545725300 0.001000000000 0.012488756263)
(0.000534861371 0.000000000000 0.012238987631)
(0.000534861371 0.001000000000 0.012238987631)
(0.000523997426 0.000000000000 0.011989219001)
(0.000523997426 0.001000000000 0.011989219001)
(0.000513133462 0.000000000000 0.011739450373)
(0.000513133462 0.001000000000 0.011739450373)
(0.000502269481 0.000000000000 0.011489681747)
(0.000502269481 0.001000000000 0.011489681747)
(0.000491405482 0.000000000000 0.011239913122)
(0.000491405482 0.001000000000 0.011239913122)
(0.000480541465 0.000000000000 0.010990144500)
(0.000480541465 0.001000000000 0.010990144500)
(0.000469677431 0.000000000000 0.010740375879)
(0.000469677431 0.001000000000 0.010740375879)
(0.000458813379 0.000000000000 0.010490607261)
(0.000458813379 0.001000000000 0.010490607261)
(0.000447949309 0.000000000000 0.010240838644)
(0.000447949309 0.001000000000 0.010240838644)
(0.000437085222 0.000000000000 0.009991070029)
(0.000437085222 0.001000000000 0.009991070029)
(0.000000000000 0.000000000000 0.020000000000)
(0.000000000000 0.001000000000 0.020000000000)
(0.000000000000 0.000000000000 0.019750000000)
(0.000000000000 0.001000000000 0.019750000000)
(0.000000000000 0.000000000000 0.019500000000)
(0.000000000000 0.001000000000 0.019500000000)
(0.000000000000 0.000000000000 0.019250000000)
(0.000000000000 0.001000000000 0.019250000000)
(0.000000000000 0.000000000000 0.019000000000)
(0.000000000000 0.001000000000 0.019000000000)
(0.000000000000 0.000000000000 0.018750000000)
(0.000000000000 0.001000000000 0.018750000000)
(0.000000000000 0.000000000000 0.018500000000)
(0.000000000000 0.001000000000 0.018500000000)
(0.000000000000 0.000000000000 0.018250000000)
(0.000000000000 0.001000000000 0.018250000000)
(0.000000000000 0.000000000000 0.018000000000)
(0.000000000000 0.001000000000 0.018000000000)
(0.000000000000 0.000000000000 0.017750000000)
(0.000000000000 0.001000000000 0.017750000000)
(0.000000000000 0.000000000000 0.017500000000)
(0.000000000000 0.001000000000 0.017500000000)
(0.000000000000 0.000000000000 0.017250000000)
(0.000000000000 0.001000000000 0.017250000000)
(0.000000000000 0.000000000000 0.017000000000)
(0.000000000000 0.001000000000 0.017000000000)
(0.000000000000 0.000000000000 0.016750000000)
(0.000000000000 0.001000000000 0.016750000000)
(0.000000000000 0.000000000000 0.016500000000)
(0.000000000000 0.001000000000 0.016500000000)
(0.000000000000 0.000000000000 0.016250000000)
(0.000000000000 0.001000000000 0.016250000000)
(0.000000000000 0.000000000000 0.016000000000)
(0.000000000000 0.001000000000 0.016000000000)
(0.000000000000 0.000000000000 0.015750000000)
(0.000000000000 0.001000000000 0.015750000000)
(0.000000000000 0.000000000000 0.015500000000)
(0.000000000000 0.001000000000 0.015500000000)
(0.000000000000 0.000000000000 0.015250000000)
(0.000000000000 0.001000000000 0.015250000000)
(0.000000000000 0.000000000000 0.015000000000)
(0.000000000000 0.001000000000 0.015000000000)
(0.000000000000 0.000000000000 0.014750000000)
(0.000000000000 0.001000000000 0.014750000000)
(0.000000000000 0.000000000000 0.014500000000)
(0.000000000000 0.001000000000 0.014500000000)
(0.000000000000 0.000000000000 0.014250000000)
(0.000000000000 0.001000000000 0.014250000000)
(0.000000000000 0.000000000000 0.014000000000)
(0.000000000000 0.001000000000 0.014000000000)
(0.000000000000 0.000000000000 0.013750000000)
(0.000000000000 0.001000000000 0.013750000000)
(0.000000000000 0.000000000000 0.013500000000)
(0.000000000000 0.001000000000 0.013500000000)
(0.000000000000 0.000000000000 0.013250000000)
(0.000000000000 0.001000000000 0.013250000000)
(0.000000000000 0.000000000000 0.013000000000)
(0.000000000000 0.001000000000 0.013000000000)
(0.000000000000 0.000000000000 0.012750000000)
(0.000000000000 0.001000000000 0.012750000000)
(0.000000000000 0.000000000000 0.012500000000)
(0.000000000000 0.001000000000 0.012500000000)
(0.000000000000 0.000000000000 0.012250000000)
(0.000000000000 0.001000000000 0.012250000000)
(0.000000000000 0.000000000000 0.012000000000)
(0.000000000000 0.001000000000 0.012000000000)
(0.000000000000 0.000000000000 0.011750000000)
(0.000000000000 0.001000000000 0.011750000000)
(0.000000000000 0.000000000000 0.011500000000)
(0.000000000000 0.001000000000 0.011500000000)
(0.000000000000 0.000000000000 0.011250000000)
(0.000000000000 0.001000000000 0.011250000000)
(0.000000000000 0.000000000000 0.011000000000)
(0.000000000000 0.001000000000 0.011000000000)
(0.000000000000 0.000000000000 0.010750000000)
(0.000000000000 0.001000000000 0.010750000000)
(0.000000000000 0.000000000000 0.010500000000)
(0.000000000000 0.001000000000 0.010500000000)
(0.000000000000 0.000000000000 0.010250000000)
(0.000000000000 0.001000000000 0.010250000000)
(0.000000000000 0.000000000000 0.010000000000)
(0.000000000000 0.001000000000 0.010000000000)
)
