
 heat generation for set OUTDOOR and time  0.1000000E+01

       212 -1.484664E-05
      5304 -5.335560E-03
       213 -8.500877E-06
      5305 -4.586347E-03
       214 -8.011848E-06
      5306 -4.999914E-03
       215 -7.770671E-06
      5307 -5.190175E-03
       216 -7.870226E-06
      5308 -5.031222E-03
       217 -7.614575E-06
      5309 -4.815606E-03
       218 -7.438047E-06
      5310 -4.773072E-03
       219 -7.330785E-06
      5311 -4.834368E-03
       220 -7.412179E-06
      5312 -4.867307E-03
       221 -7.349055E-06
      5313 -4.851988E-03
       222 -7.416931E-06
      5314 -4.829423E-03
       223 -7.351589E-06
      5315 -4.799165E-03
       224 -7.403175E-06
      5316 -4.788231E-03
       225 -7.376193E-06
      5317 -4.780388E-03
       226 -7.388655E-06
      5318 -4.784273E-03
       227 -7.386118E-06
      5319 -4.783722E-03
       228 -7.371531E-06
      5320 -4.786999E-03
       229 -7.369799E-06
      5321 -4.782624E-03
       230 -7.346190E-06
      5322 -4.782117E-03
       231 -7.380474E-06
      5323 -4.776604E-03
       232 -7.390561E-06
      5324 -4.782326E-03
       233 -7.424793E-06
      5325 -4.784585E-03
       234 -7.396622E-06
      5326 -4.796155E-03
       235 -7.546677E-06
      5327 -4.781484E-03
       236 -7.584115E-06
      5328 -4.770257E-03
       237 -7.874505E-06
      5329 -4.772357E-03
       238 -7.888454E-06
      5330 -4.870293E-03
       239 -7.948840E-06
      5331 -4.992961E-03
       240 -8.522520E-06
      5332 -4.904872E-03
       241 -1.488744E-05
      5333 -4.557361E-03
      5334 -5.335577E-03
       174 -2.933777E-04
      5264 -1.192789E-02
       175 -9.471104E-05
      5265 -9.108029E-03
       176 -1.067055E-05
      5266 -7.973381E-03
       177  5.295205E-06
      5267 -6.705065E-03
       178  8.842278E-06
      5268 -6.140945E-03
       179  6.117981E-06
      5269 -5.621076E-03
       180  3.744684E-06
      5270 -5.250505E-03
       181  2.315411E-06
      5271 -5.002398E-03
       182  1.492403E-06
      5272 -4.837255E-03
       183  9.936056E-07
      5273 -4.726086E-03
       184  7.000747E-07
      5274 -4.648586E-03
       185  5.323288E-07
      5275 -4.585229E-03
       186  3.888217E-07
      5276 -4.526264E-03
       187  2.388980E-07
      5277 -4.512219E-03
       188  1.511290E-07
      5278 -4.601203E-03
       189  1.541469E-07
      5279 -4.755591E-03
       190  1.884582E-07
      5280 -4.779155E-03
       191  2.021407E-07
      5281 -4.503682E-03
       192  7.619216E-06
      5282 -4.000738E-03
      5283 -5.313627E-03
        11  7.003395E-06
       108 -1.424810E-04
      5195 -1.192471E-02
       109 -3.912955E-05
      5196 -9.887784E-03
       110  3.308699E-05
      5197 -9.343514E-03
       111  1.664493E-05
      5198 -7.766536E-03
       112  1.181221E-05
      5199 -6.489935E-03
       113  7.623664E-06
      5200 -5.695080E-03
       114  4.898919E-06
      5201 -5.265632E-03
       115  3.360623E-06
      5202 -5.025827E-03
       116  2.298441E-06
      5203 -4.871315E-03
       117  1.571901E-06
      5204 -4.766427E-03
       118  1.055318E-06
      5205 -4.705217E-03
       119  7.029361E-07
      5206 -4.671170E-03
       120  4.741540E-07
      5207 -4.667134E-03
       121  3.391843E-07
      5208 -4.653045E-03
       122  2.267270E-07
      5209 -4.614104E-03
       123  1.652500E-07
      5210 -4.601948E-03
       124  1.842238E-07
      5211 -4.610265E-03
       125  2.169174E-07
      5212 -4.429835E-03
       126  7.606897E-06
      5213 -3.974607E-03
      5214 -5.313604E-03
        10  6.997924E-06
         7 -4.900234E-05
      9100 -1.150253E-02
      1381  7.807911E-06
      9101 -9.456452E-03
      9102 -1.073924E-02
      1382  7.944458E-06
      9103 -1.015027E-02
      9104 -1.020137E-02
      1383  7.800960E-06
      9105 -9.452100E-03
      9106 -9.611485E-03
      1384  7.854525E-06
      9107 -9.459943E-03
      9108 -9.437036E-03
      1385  7.834319E-06
      9109 -9.471222E-03
      9110 -9.500577E-03
      1386  7.799884E-06
      9111 -9.376856E-03
      9112 -9.405173E-03
      1387  7.787968E-06
      9113 -9.349129E-03
      9114 -9.354797E-03
      1388  7.803105E-06
      9115 -9.357631E-03
      9116 -9.358212E-03
      1389  7.808269E-06
      9117 -9.351968E-03
      9118 -9.358219E-03
      1390  7.786344E-06
      9119 -9.344722E-03
      9120 -9.343384E-03
      1391  7.851044E-06
      9121 -9.370049E-03
      9122 -9.355594E-03
      1392  7.839668E-06
      9123 -9.379954E-03
      9124 -9.362740E-03
      1393  7.781562E-06
      9125 -9.480912E-03
      9126 -9.381555E-03
      1394  7.867388E-06
      9127 -9.847202E-03
      9128 -9.810029E-03
      1395  7.782850E-06
      9129 -1.069976E-02
      9130 -9.359612E-03
      9131 -1.149200E-02
      9132 -2.680624E-02
      1396 -1.188886E-04
      9133 -2.011706E-02
      9134 -2.469124E-02
      1397  1.842525E-05
      9135 -1.489485E-02
      9136 -1.648578E-02
      1398  1.696708E-05
      9137 -1.114756E-02
      9138 -1.176447E-02
      1399  7.775492E-06
      9139 -9.955376E-03
      9140 -1.013946E-02
      1400  3.729684E-06
      9141 -9.510712E-03
      9142 -9.576095E-03
      1401  1.702184E-06
      9143 -9.374120E-03
      9144 -9.371201E-03
      1402  9.342628E-07
      9145 -9.319767E-03
      9146 -9.335636E-03
      1403  5.134207E-07
      9147 -9.212107E-03
      9148 -9.247366E-03
      1404  3.180836E-07
      9149 -8.047450E-03
      9150 -8.782665E-03
      1405 -8.191037E-05
      9151 -2.018784E-02
      9152 -1.645178E-02
      1406 -1.176084E-05
      9153 -1.538565E-02
      9154 -1.497288E-02
      9155 -1.591083E-02
      1407  9.554973E-06
      9156 -1.373884E-02
      9157 -1.292881E-02
      9158 -1.330408E-02
      1408  1.954533E-05
      9159 -1.238372E-02
      9160 -1.199446E-02
      9161 -1.266755E-02
      1409  1.816631E-05
      9162 -1.148246E-02
      9163 -1.106560E-02
      9164 -1.172831E-02
      1410  1.205969E-05
      9165 -1.069963E-02
      9166 -1.038422E-02
      9167 -1.086673E-02
      1411  7.947704E-06
      9168 -1.013895E-02
      9169 -9.923245E-03
      9170 -1.023968E-02
      1412  5.277953E-06
      9171 -9.759998E-03
      9172 -9.616378E-03
      9173 -9.817869E-03
      1413  3.676281E-06
      9174 -9.506465E-03
      9175 -9.408293E-03
      9176 -9.539244E-03
      1414  2.600007E-06
      9177 -9.331678E-03
      9178 -9.253613E-03
      9179 -9.349953E-03
      1415  1.943188E-06
      9180 -9.190848E-03
      9181 -9.123881E-03
      9182 -9.196927E-03
      1416  1.337620E-06
      9183 -9.065378E-03
      9184 -9.044773E-03
      9185 -9.047795E-03
      1417  9.309172E-07
      9186 -9.030965E-03
      9187 -9.092232E-03
      9188 -8.938658E-03
      1418  7.552541E-07
      9189 -9.181289E-03
      9190 -9.302105E-03
      9191 -9.034113E-03
      1419  5.025100E-07
      9192 -9.456611E-03
      9193 -9.501486E-03
      9194 -9.392475E-03
      1420  4.465425E-07
      9195 -9.525167E-03
      9196 -9.250827E-03
      9197 -9.690511E-03
      1421  3.069818E-07
      9198 -8.975547E-03
      9199 -8.155584E-03
      9200 -9.159340E-03
      9201 -1.083946E-02
      9202 -1.083441E-02
      1422  7.894721E-06
      9203 -1.001466E-02
      9204 -9.864720E-03
      1423  7.879361E-06
      9205 -9.828674E-03
      9206 -9.988806E-03
      1424  7.746084E-06
      9207 -9.376227E-03
      9208 -9.408790E-03
      1425  7.819756E-06
      9209 -9.516334E-03
      9210 -9.492489E-03
      1426  7.829219E-06
      9211 -9.435773E-03
      9212 -9.448293E-03
      1427  7.814950E-06
      9213 -9.362932E-03
      9214 -9.365616E-03
      1428  7.825897E-06
      9215 -9.358992E-03
      9216 -9.352711E-03
      1429  7.816382E-06
      9217 -9.362776E-03
      9218 -9.360658E-03
      1430  7.764820E-06
      9219 -9.349063E-03
      9220 -9.351297E-03
      1431  7.793026E-06
      9221 -9.353475E-03
      9222 -9.350256E-03
      1432  7.832063E-06
      9223 -9.377427E-03
      9224 -9.381553E-03
      1433  7.796863E-06
      9225 -9.378848E-03
      9226 -9.368935E-03
      1434  7.836925E-06
      9227 -9.684987E-03
      9228 -9.580189E-03
      1435  7.847064E-06
      9229 -9.701937E-03
      9230 -9.762598E-03
      9231 -1.011867E-02
      1436 -2.451513E-04
      9232 -1.813684E-02
      9233 -1.965086E-02
      1437  2.671325E-05
      9234 -1.254968E-02
      9235 -1.362235E-02
      1438  1.198149E-05
      9236 -1.037595E-02
      9237 -1.072305E-02
      1439  5.499563E-06
      9238 -9.679905E-03
      9239 -9.802614E-03
      1440  2.734793E-06
      9240 -9.404861E-03
      9241 -9.450003E-03
      1441  1.370123E-06
      9242 -9.349569E-03
      9243 -9.370192E-03
      1442  7.743650E-07
      9244 -9.259444E-03
      9245 -9.280914E-03
      1443  4.008086E-07
      9246 -8.962940E-03
      9247 -9.220499E-03
      1444  1.690677E-07
      9248 -8.646512E-03
      9249 -7.592418E-03
      9250 -9.152682E-03
      1445  1.489522E-07
      9251 -7.652865E-03
      9252 -8.678137E-03
      9253 -2.585920E-02
      9254 -9.342239E-03
      9255 -1.002883E-02
      9256 -8.990255E-03
      9257 -9.232980E-03
      9258 -9.199154E-03
      9259 -9.066558E-03
      9260 -9.046803E-03
      9261 -9.063458E-03
      9262 -9.050667E-03
      9263 -9.048279E-03
      9264 -9.110913E-03
      9265 -9.107961E-03
      9266 -9.179177E-03
      9267 -9.827843E-03
      9268 -9.588627E-03
      9269 -1.082376E-02
      9270 -9.860609E-03
      9271 -9.497558E-03
      9272 -9.430673E-03
      9273 -9.378850E-03
      9274 -9.243676E-03
      9275 -7.429208E-03
      9276 -9.292133E-03
      9277 -9.148942E-03
      9278 -9.057826E-03
      9279 -9.067167E-03
      9280 -9.069699E-03
      9281 -9.049933E-03
      9282 -9.072237E-03
      9283 -9.119364E-03
      9284 -9.086256E-03
      9285 -9.546534E-03
      9286 -9.481339E-03
      9287 -1.199139E-02
      9288 -1.021120E-02
      9289 -9.625865E-03
      9290 -9.423465E-03
      9291 -9.404820E-03
      9292 -9.202829E-03
      9293 -8.949251E-03
      9294 -2.155127E-02
      9295 -1.781613E-02
      9296 -1.420734E-02
      9297 -7.481488E-03
      1446  1.303996E-05
      9298 -1.050188E-02
      9299 -1.091004E-02
      1447  2.691475E-07
      9300 -8.577385E-03
      9301 -8.731047E-03
      1448  6.442899E-07
      9302 -9.717695E-03
      9303 -1.012323E-02
      1449  3.656313E-07
      9304 -9.036627E-03
      9305 -9.018503E-03
      9306 -8.586612E-03
      1450  3.349293E-07
      9307 -8.965121E-03
      9308 -9.042061E-03
      1451  3.285784E-07
      9309 -8.807343E-03
      9310 -8.855603E-03
      1452  3.070985E-07
      9311 -8.789588E-03
      9312 -8.797372E-03
      1453  3.242405E-07
      9313 -8.808377E-03
      9314 -8.814903E-03
      1454  3.036786E-07
      9315 -8.789095E-03
      9316 -8.804221E-03
      1455  3.223818E-07
      9317 -8.810466E-03
      9318 -8.799547E-03
      1456  3.481614E-07
      9319 -8.903299E-03
      9320 -8.879214E-03
      1457  3.113952E-07
      9321 -8.881981E-03
      9322 -8.864467E-03
      1458  2.455407E-07
      9323 -9.037031E-03
      9324 -8.806101E-03
      1459  5.379293E-07
      9325 -9.682881E-03
      9326 -9.695952E-03
      1460  3.551510E-07
      9327 -8.580294E-03
      9328 -9.392830E-03
      9329 -9.485637E-03
      9330 -7.738362E-03
      1461  1.903349E-05
      9331 -1.144516E-02
      9332 -1.226934E-02
      9333 -1.078897E-02
      1462  5.400214E-07
      9334 -1.015911E-02
      9335 -9.902377E-03
      9336 -1.091258E-02
      9337 -8.476439E-03
      1463  6.097628E-05
      9338 -1.676527E-02
      9339 -1.923103E-02
      1464  3.062332E-05
      9340 -1.337042E-02
      9341 -1.489820E-02
      9342 -1.233524E-02
      1465  5.970539E-06
      9343 -9.781447E-03
      9344 -9.882011E-03
      1466  2.670780E-06
      9345 -9.519750E-03
      9346 -9.530998E-03
      1467  1.524153E-06
      9347 -9.512054E-03
      9348 -9.480857E-03
      1468  7.908975E-07
      9349 -9.357210E-03
      9350 -9.457899E-03
      1469  3.708459E-07
      9351 -9.383474E-03
      9352 -9.327652E-03
      1470 -3.233586E-04
      9353 -2.153086E-02
      9354 -2.100253E-02
      9355 -2.145592E-02
      1471  4.128012E-07
      9356 -9.105326E-03
      9357 -9.072372E-03
      9358 -8.915011E-03
      9359 -8.952550E-03
      1472  3.326846E-07
      9360 -8.960678E-03
      9361 -8.773015E-03
      9362 -8.435074E-03
      9363 -8.875660E-03
      1473  3.009890E-07
      9364 -8.922678E-03
      9365 -9.193172E-03
      9366 -9.485976E-03
      9367 -8.002409E-03
      9368 -8.588340E-03
      1474  3.989656E-05
      9369 -1.410598E-02
      9370 -1.228580E-02
      1475  1.746111E-05
      9371 -1.246079E-02
      9372 -1.262327E-02
      9373 -1.294669E-02
      1476  2.124342E-05
      9374 -1.207801E-02
      9375 -1.153348E-02
      9376 -1.243066E-02
      1477  1.550496E-05
      9377 -1.109763E-02
      9378 -1.067757E-02
      9379 -1.130694E-02
      1478  1.062758E-05
      9380 -1.037235E-02
      9381 -1.009227E-02
      9382 -1.047951E-02
      1479  6.734161E-06
      9383 -9.890561E-03
      9384 -9.710201E-03
      9385 -9.947344E-03
      1480  4.792854E-06
      9386 -9.577766E-03
      9387 -9.460418E-03
      9388 -9.610426E-03
      1481  3.059968E-06
      9389 -9.371107E-03
      9390 -9.277797E-03
      9391 -9.391774E-03
      1482  2.104289E-06
      9392 -9.203934E-03
      9393 -9.105903E-03
      9394 -9.219761E-03
      1483  1.558099E-06
      9395 -9.024438E-03
      9396 -8.927545E-03
      9397 -9.026704E-03
      1484  1.171548E-06
      9398 -8.839546E-03
      9399 -8.857083E-03
      9400 -8.786809E-03
      1485  7.795890E-07
      9401 -8.891615E-03
      9402 -9.064096E-03
      9403 -8.590024E-03
      1486  5.245496E-07
      9404 -9.301769E-03
      9405 -9.604334E-03
      9406 -8.994511E-03
      1487  4.905855E-07
      9407 -9.857382E-03
      9408 -9.980789E-03
      9409 -1.004293E-02
      1488  4.994081E-07
      9410 -9.723832E-03
      9411 -9.334436E-03
      9412 -1.075354E-02
      9413 -2.077700E-02
      1489  3.206716E-07
      9414 -8.627036E-03
      9415 -7.727627E-03
      9416 -8.410102E-03
      9417 -9.517864E-03
      9418 -1.827304E-02
      9419 -9.411387E-03
      1490  3.526440E-07
      9420 -8.909405E-03
      9421 -8.927820E-03
      1491  2.554811E-07
      9422 -8.802482E-03
      9423 -8.801653E-03
      1492  3.010804E-07
      9424 -8.817758E-03
      9425 -8.803962E-03
      1493  2.696693E-07
      9426 -8.816809E-03
      9427 -8.812701E-03
      1494  3.105665E-07
      9428 -8.802363E-03
      9429 -8.790736E-03
      1495  2.811316E-07
      9430 -8.854846E-03
      9431 -8.831397E-03
      1496  3.057159E-07
      9432 -8.893141E-03
      9433 -8.915915E-03
      1497  3.084936E-07
      9434 -8.813342E-03
      9435 -8.849917E-03
      1498  4.991480E-07
      9436 -9.454618E-03
      9437 -9.297756E-03
      9438 -1.640386E-02
      9439 -1.557093E-02
      1499  4.284164E-06
      9440 -9.671883E-03
      9441 -9.718899E-03
      9442 -9.592308E-03
      1500  8.479491E-06
      9443 -1.004434E-02
      9444 -1.024503E-02
      9445 -9.570654E-03
      9446 -1.026602E-02
      1501  2.098449E-06
      9447 -9.476032E-03
      9448 -9.491580E-03
      1502  1.119565E-06
      9449 -9.467715E-03
      9450 -9.507245E-03
      1503  6.749429E-07
      9451 -9.251506E-03
      9452 -9.202980E-03
      1504  5.038396E-07
      9453 -9.195019E-03
      9454 -9.346561E-03
      9455 -8.586389E-03
      9456 -8.554497E-03
      9457 -9.584641E-03
      9458 -8.720979E-03
      9459 -8.638049E-03
      9460 -1.660011E-02
      9461 -8.537759E-03
      9462 -8.544612E-03
      9463 -9.552393E-03
      9464 -9.376431E-03
      9465 -1.033587E-02
      9466 -1.032231E-02
      9467 -9.417068E-03
      9468 -9.595872E-03
      9469 -8.595484E-03
      9470 -8.625174E-03
      9471 -8.744542E-03
      9472 -8.569210E-03
      9473 -8.543190E-03
      9474 -8.576723E-03
      9475 -8.546900E-03
      9476 -8.525952E-03
      9477 -8.734358E-03
      9478 -8.576254E-03
      9479 -8.640965E-03
      9480 -8.890075E-03
      9481 -9.909871E-03
      9482 -9.537957E-03
      9483 -9.525385E-03
      1505  8.745264E-07
      9484 -9.687064E-03
      9485 -9.679424E-03
      1506  3.153468E-07
      9486 -8.322013E-03
      9487 -8.340025E-03
      1507  2.418671E-07
      9488 -9.162147E-03
      9489 -8.446265E-03
      1508  4.006566E-07
      9490 -8.503057E-03
      9491 -8.646351E-03
      1509  2.907940E-07
      9492 -8.310759E-03
      9493 -8.292873E-03
      1510  2.990598E-07
      9494 -8.262990E-03
      9495 -8.319229E-03
      1511  3.965316E-07
      9496 -8.034621E-03
      9497 -8.353293E-03
      1512  3.258673E-07
      9498 -8.303864E-03
      9499 -8.298211E-03
      1513  2.812642E-07
      9500 -8.386022E-03
      9501 -8.428064E-03
      9502 -8.217965E-03
      9503 -8.047282E-03
      1514  3.590266E-07
      9504 -8.344650E-03
      9505 -8.347423E-03
      9506 -8.121153E-03
      1515  2.143996E-06
      9507 -9.626679E-03
      9508 -9.582587E-03
      1516  2.936283E-07
      9509 -8.303132E-03
      9510 -8.304131E-03
      9511 -8.071096E-03
      9512 -8.041993E-03
      1517  1.319286E-04
      9513 -1.977869E-02
      9514 -1.537864E-02
      9515 -1.973461E-02
      1518  3.506346E-07
      9516 -8.487991E-03
      9517 -8.406929E-03
      9518 -1.066967E-02
      1519  3.308854E-07
      9519 -8.387333E-03
      9520 -8.402135E-03
      9521 -7.835141E-03
      1520  8.972682E-07
      9522 -1.146416E-02
      9523 -1.053844E-02
      9524 -1.060602E-02
      9525 -1.174155E-02
      1521  2.698857E-07
      9526 -8.281285E-03
      9527 -8.273968E-03
      9528 -7.958954E-03
      9529 -8.029118E-03
      9530 -1.059576E-02
      9531 -1.151839E-02
      1522  2.072579E-05
      9532 -1.138408E-02
      9533 -1.233927E-02
      9534 -1.481862E-02
      1523  7.244799E-06
      9535 -1.005798E-02
      9536 -1.006862E-02
      1524  4.028708E-06
      9537 -9.690947E-03
      9538 -9.720345E-03
      1525  3.241230E-06
      9539 -9.588674E-03
      9540 -9.623468E-03
      9541 -9.598110E-03
      1526  1.217015E-06
      9542 -9.697599E-03
      9543 -9.666523E-03
      9544 -9.767322E-03
      1527  6.520158E-06
      9545 -9.808247E-03
      9546 -9.905910E-03
      9547 -9.724205E-03
      1528  6.395589E-07
      9548 -9.021042E-03
      9549 -9.666888E-03
      9550 -9.107638E-03
      1529  2.901698E-07
      9551 -8.350649E-03
      9552 -8.329570E-03
      9553 -8.077981E-03
      9554 -8.123995E-03
      1530  5.142754E-05
      9555 -1.407184E-02
      9556 -1.225568E-02
      1531  2.110553E-05
      9557 -1.168384E-02
      9558 -1.102872E-02
      9559 -1.206140E-02
      1532  1.299361E-05
      9560 -1.062964E-02
      9561 -1.025979E-02
      9562 -1.073771E-02
      1533  8.174049E-06
      9563 -1.001242E-02
      9564 -9.793310E-03
      9565 -1.005385E-02
      1534  4.933697E-06
      9566 -9.639686E-03
      9567 -9.511085E-03
      9568 -9.669140E-03
      1535  3.528778E-06
      9569 -9.411075E-03
      9570 -9.320178E-03
      9571 -9.430934E-03
      1536  2.697688E-06
      9572 -9.242178E-03
      9573 -9.140259E-03
      9574 -9.263213E-03
      1537  1.945778E-06
      9575 -9.045829E-03
      9576 -8.887059E-03
      9577 -9.076699E-03
      1538  1.316379E-06
      9578 -8.744718E-03
      9579 -8.510284E-03
      9580 -8.763200E-03
      1539  8.544534E-07
      9581 -8.296615E-03
      9582 -8.396340E-03
      9583 -8.251002E-03
      1540  4.996791E-07
      9584 -8.628531E-03
      9585 -9.090886E-03
      9586 -7.747231E-03
      1541  3.854132E-07
      9587 -9.836906E-03
      9588 -1.110080E-02
      9589 -9.584143E-03
      1542  1.055199E-06
      9590 -1.168755E-02
      9591 -1.154840E-02
      9592 -1.259331E-02
      1543  4.259778E-07
      9593 -8.515479E-03
      9594 -8.581749E-03
      9595 -8.427259E-03
      1544  4.414820E-05
      9596 -1.401024E-02
      9597 -1.647885E-02
      9598 -1.664258E-02
      9599 -1.250399E-02
      1545  1.329502E-05
      9600 -1.017642E-02
      9601 -1.067548E-02
      9602 -9.988421E-03
      9603 -9.938022E-03
      9604 -1.143347E-02
      1546  4.396526E-07
      9605 -8.803775E-03
      9606 -8.659762E-03
      1547  4.411190E-07
      9607 -8.825020E-03
      9608 -8.759458E-03
      9609 -8.819628E-03
      1548  2.869905E-07
      9610 -8.361589E-03
      9611 -8.324444E-03
      1549  3.028531E-07
      9612 -8.582561E-03
      9613 -8.570486E-03
      9614 -9.672029E-03
      9615 -1.580853E-02
      9616 -9.905143E-03
      9617 -9.833143E-03
      1550  1.918850E-07
      9618 -7.132694E-03
      9619 -7.486998E-03
      1551  3.557983E-07
      9620 -8.718064E-03
      9621 -7.844500E-03
      1552  1.700364E-06
      9622 -9.626890E-03
      9623 -9.615970E-03
      1553  8.011876E-07
      9624 -1.049686E-02
      9625 -1.224975E-02
      1554  4.496697E-07
      9626 -8.787670E-03
      9627 -8.824215E-03
      9628 -8.748459E-03
      9629 -8.610491E-03
      1555  3.535931E-07
      9630 -8.406854E-03
      9631 -7.719284E-03
      9632 -7.182120E-03
      9633 -8.495983E-03
      9634 -8.483986E-03
      9635 -1.030238E-02
      9636 -8.098724E-03
      9637 -8.020484E-03
      9638 -1.004637E-02
      9639 -8.276745E-03
      9640 -8.335420E-03
      9641 -8.700479E-03
      9642 -9.701893E-03
      9643 -9.697161E-03
      1556  2.261850E-06
      9644 -9.699579E-03
      9645 -9.628157E-03
      1557  1.136183E-06
      9646 -1.196742E-02
      9647 -9.796146E-03
      9648 -1.216892E-02
      1558  1.305380E-06
      9649 -9.851745E-03
      9650 -9.740062E-03
      1559  2.032824E-06
      9651 -9.745671E-03
      9652 -9.754967E-03
      9653 -9.771997E-03
      1560  2.884157E-07
      9654 -7.943559E-03
      9655 -7.812221E-03
      1561  5.033080E-07
      9656 -8.527603E-03
      9657 -8.352921E-03
      1562  1.001119E-06
      9658 -1.222088E-02
      9659 -1.049594E-02
      9660 -1.219490E-02
      1563  2.625726E-07
      9661 -7.771089E-03
      9662 -7.731127E-03
      9663 -7.391526E-03
      9664 -7.783243E-03
      1564  3.243512E-06
      9665 -9.666164E-03
      9666 -9.692415E-03
      9667 -9.642047E-03
      1565  4.162388E-07
      9668 -8.056063E-03
      9669 -7.521927E-03
      1566  3.656200E-07
      9670 -7.882042E-03
      9671 -7.896644E-03
      9672 -8.816973E-03
      1567  5.215142E-05
      9673 -1.579795E-02
      9674 -1.400855E-02
      9675 -1.428354E-02
      1568  3.774551E-07
      9676 -8.216333E-03
      9677 -8.099212E-03
      9678 -7.697257E-03
      9679 -8.213776E-03
      1569  6.676958E-07
      9680 -1.076384E-02
      9681 -1.004924E-02
      1570  4.723542E-06
      9682 -9.714146E-03
      9683 -9.752330E-03
      9684 -9.690191E-03
      9685 -1.068286E-02
      1571  2.277868E-05
      9686 -1.216922E-02
      9687 -1.147353E-02
      9688 -1.232017E-02
      1572  1.394875E-05
      9689 -1.081785E-02
      9690 -1.038355E-02
      9691 -1.082278E-02
      1573  9.107654E-06
      9692 -1.007320E-02
      9693 -9.825517E-03
      9694 -1.003783E-02
      1574  5.635064E-06
      9695 -9.662255E-03
      9696 -9.543180E-03
      9697 -9.678346E-03
      1575  4.185339E-06
      9698 -9.434603E-03
      9699 -9.370752E-03
      9700 -9.457754E-03
      1576  2.763659E-06
      9701 -9.294968E-03
      9702 -9.233242E-03
      9703 -9.313627E-03
      1577  1.963488E-06
      9704 -9.149138E-03
      9705 -9.024191E-03
      9706 -9.210018E-03
      1578  1.404983E-06
      9707 -8.869552E-03
      9708 -8.575860E-03
      9709 -8.987571E-03
      1579  9.628963E-07
      9710 -8.298207E-03
      9711 -7.565247E-03
      9712 -8.388683E-03
      1580  3.789200E-07
      9713 -6.962736E-03
      9714 -7.221014E-03
      9715 -6.992066E-03
      1581  2.579634E-07
      9716 -8.596171E-03
      9717 -1.042353E-02
      9718 -1.157138E-02
      9719 -7.448450E-03
      1582  6.248185E-07
      9720 -7.574676E-03
      9721 -9.523446E-03
      9722 -1.099709E-02
      9723 -8.094785E-03
      1583  6.866634E-07
      9724 -8.099613E-03
      9725 -8.537162E-03
      9726 -8.672960E-03
      9727 -8.200168E-03
      1584  6.044950E-06
      9728 -9.834687E-03
      9729 -9.850294E-03
      9730 -9.757326E-03
      1585  6.062254E-07
      9731 -8.808888E-03
      9732 -8.949677E-03
      9733 -9.785697E-03
      9734 -1.177798E-02
      1586  3.317801E-07
      9735 -7.849260E-03
      9736 -7.823918E-03
      1587  3.415336E-07
      9737 -7.849987E-03
      9738 -7.623343E-03
      9739 -7.822574E-03
      1588  4.151970E-07
      9740 -7.933472E-03
      9741 -8.112148E-03
      1589  2.987208E-07
      9742 -7.770554E-03
      9743 -7.794479E-03
      9744 -7.552967E-03
      9745 -7.469742E-03
      1590  2.750184E-07
      9746 -7.668342E-03
      9747 -7.704888E-03
      9748 -9.602194E-03
      1591  5.927230E-06
      9749 -8.870629E-03
      9750 -9.223747E-03
      1592  6.044419E-07
      9751 -8.830157E-03
      9752 -8.721295E-03
      9753 -9.160499E-03
      1593  2.751855E-07
      9754 -7.780663E-03
      9755 -7.731219E-03
      9756 -7.411266E-03
      9757 -7.561503E-03
      1594  1.220809E-06
      9758 -9.990924E-03
      9759 -9.886272E-03
      1595  6.909337E-06
      9760 -9.872866E-03
      9761 -9.312336E-03
      9762 -9.743193E-03
      9763 -9.973490E-03
      1596  3.451235E-07
      9764 -7.896650E-03
      9765 -7.874231E-03
      9766 -7.636413E-03
      9767 -7.670891E-03
      1597  2.095797E-05
      9768 -1.076783E-02
      9769 -1.256536E-02
      9770 -1.219739E-02
      9771 -9.714380E-03
      1598  5.165935E-07
      9772 -8.361548E-03
      9773 -8.583550E-03
      9774 -8.129199E-03
      1599  2.873485E-07
      9775 -7.736931E-03
      9776 -7.804766E-03
      9777 -7.502897E-03
      9778 -7.310949E-03
      9779 -1.019037E-02
      1600  1.824106E-06
      9780 -9.855649E-03
      9781 -9.768805E-03
      1601  1.638008E-07
      9782 -7.127795E-03
      9783 -6.973234E-03
      1602  1.212765E-06
      9784 -9.995098E-03
      9785 -9.928085E-03
      1603  2.858313E-06
      9786 -9.695820E-03
      9787 -9.672925E-03
      9788 -9.722301E-03
      1604  4.778906E-06
      9789 -9.751365E-03
      9790 -9.829214E-03
      1605  1.122977E-06
      9791 -1.126051E-02
      9792 -9.604400E-03
      9793 -1.132517E-02
      9794 -9.174711E-03
      1606  1.779676E-06
      9795 -9.837754E-03
      9796 -9.851530E-03
      9797 -9.880080E-03
      1607  3.894718E-06
      9798 -9.694588E-03
      9799 -9.722773E-03
      9800 -9.649874E-03
      1608  8.297565E-07
      9801 -1.133369E-02
      9802 -1.100596E-02
      1609  1.087639E-06
      9803 -1.013151E-02
      9804 -1.010790E-02
      9805 -9.967552E-03
      9806 -1.005426E-02
      1610  1.891242E-05
      9807 -1.192641E-02
      9808 -1.158974E-02
      9809 -1.208792E-02
      1611  6.209041E-07
      9810 -8.684986E-03
      9811 -8.803312E-03
      9812 -8.868667E-03
      9813 -8.657011E-03
      1612  1.459272E-05
      9814 -1.078976E-02
      9815 -1.031739E-02
      9816 -1.060384E-02
      1613  8.782834E-06
      9817 -9.968025E-03
      9818 -9.707351E-03
      9819 -9.706273E-03
      1614  5.523081E-06
      9820 -9.596774E-03
      9821 -9.536225E-03
      9822 -9.573129E-03
      1615  4.036940E-06
      9823 -9.435722E-03
      9824 -9.414370E-03
      9825 -9.487855E-03
      1616  2.664839E-06
      9826 -9.334590E-03
      9827 -9.341346E-03
      9828 -9.365935E-03
      1617  2.038807E-06
      9829 -9.299305E-03
      9830 -9.280520E-03
      9831 -9.330384E-03
      1618  1.547605E-06
      9832 -9.182917E-03
      9833 -9.080185E-03
      9834 -9.411301E-03
      1619  1.200795E-06
      9835 -8.774739E-03
      9836 -8.564715E-03
      9837 -9.231970E-03
      1620  5.856591E-07
      9838 -7.900194E-03
      9839 -7.260894E-03
      9840 -8.833885E-03
      9841 -1.010091E-02
      1621  3.790315E-07
      9842 -7.428177E-03
      9843 -7.401060E-03
      9844 -9.940562E-03
      1622  1.644137E-05
      9845 -9.869289E-03
      9846 -1.133832E-02
      9847 -1.201661E-02
      9848 -1.059155E-02
      1623  3.555754E-07
      9849 -7.393002E-03
      9850 -7.414395E-03
      1624  8.307337E-07
      9851 -9.586832E-03
      9852 -8.726076E-03
      9853 -9.759643E-03
      1625  3.172901E-07
      9854 -7.302236E-03
      9855 -6.510952E-03
      9856 -7.524324E-03
      1626  7.745648E-07
      9857 -9.263072E-03
      9858 -9.447619E-03
      1627  3.309531E-07
      9859 -7.114802E-03
      9860 -7.288836E-03
      9861 -9.551680E-03
      9862 -9.147996E-03
      9863 -9.030590E-03
      9864 -1.038128E-02
      1628  3.635471E-07
      9865 -7.351481E-03
      9866 -7.270006E-03
      9867 -7.150890E-03
      1629  6.586562E-07
      9868 -7.736724E-03
      9869 -8.198748E-03
      9870 -7.418098E-03
      1630  6.251047E-07
      9871 -8.441459E-03
      9872 -7.924068E-03
      9873 -7.704984E-03
      9874 -8.899181E-03
      1631  1.125806E-05
      9875 -9.801958E-03
      9876 -1.057996E-02
      9877 -9.926108E-03
      1632  3.967955E-07
      9878 -7.447350E-03
      9879 -7.440228E-03
      9880 -7.242181E-03
      9881 -7.191358E-03
      1633  2.867177E-07
      9882 -7.169196E-03
      9883 -7.038542E-03
      9884 -6.976035E-03
      1634  2.821564E-07
      9885 -7.091532E-03
      9886 -7.212584E-03
      9887 -6.757577E-03
      1635  1.793307E-07
      9888 -6.901546E-03
      9889 -6.990609E-03
      9890 -6.345440E-03
      9891 -6.689987E-03
      1636  8.145228E-07
      9892 -9.112058E-03
      9893 -9.362188E-03
      9894 -8.898229E-03
      1637  1.632385E-06
      9895 -9.995484E-03
      9896 -9.935464E-03
      9897 -1.067991E-02
      1638  3.617226E-06
      9898 -9.746971E-03
      9899 -9.655223E-03
      1639  3.644275E-07
      9900 -7.271922E-03
      9901 -7.349990E-03
      9902 -7.119234E-03
      9903 -6.982257E-03
      9904 -9.544007E-03
      1640  7.841975E-07
      9905 -9.545755E-03
      9906 -1.057792E-02
      9907 -1.013090E-02
      9908 -9.291354E-03
      9909 -9.825766E-03
      1641  8.885098E-07
      9910 -8.504693E-03
      9911 -8.804817E-03
      9912 -8.973477E-03
      9913 -8.487047E-03
      1642  6.875677E-06
      9914 -9.513365E-03
      9915 -9.205896E-03
      1643  4.590111E-06
      9916 -9.330197E-03
      9917 -9.480360E-03
      9918 -9.193759E-03
      1644  3.382113E-06
      9919 -9.455624E-03
      9920 -9.491728E-03
      9921 -9.605969E-03
      1645  2.645231E-06
      9922 -9.391206E-03
      9923 -9.401269E-03
      9924 -9.499082E-03
      1646  1.906863E-06
      9925 -9.359141E-03
      9926 -9.497400E-03
      9927 -9.367840E-03
      1647  1.365092E-06
      9928 -9.596719E-03
      9929 -9.638090E-03
      9930 -9.573449E-03
      1648  1.495507E-06
      9931 -9.561596E-03
      9932 -9.479043E-03
      9933 -1.031517E-02
      9934 -9.838686E-03
      1649  2.033267E-06
      9935 -9.804077E-03
      9936 -9.734122E-03
      9937 -9.952255E-03
      1650  1.212119E-05
      9938 -1.086704E-02
      9939 -9.943608E-03
      9940 -8.747723E-03
      9941 -1.120333E-02
      1651  3.640238E-07
      9942 -6.850371E-03
      9943 -6.686427E-03
      1652  2.203751E-07
      9944 -5.624563E-03
      9945 -5.843560E-03
      9946 -1.129090E-02
      1653  2.857957E-06
      9947 -9.666235E-03
      9948 -9.631364E-03
      9949 -9.684595E-03
      1654  2.896963E-07
      9950 -6.922411E-03
      9951 -6.929961E-03
      1655  5.179364E-07
      9952 -7.070430E-03
      9953 -7.057116E-03
      1656  5.295319E-06
      9954 -9.741658E-03
      9955 -9.695936E-03
      9956 -9.682698E-03
      1657  1.494694E-06
      9957 -9.949106E-03
      9958 -1.008448E-02
      9959 -9.878360E-03
      9960 -9.569827E-03
      1658  2.050177E-07
      9961 -6.008479E-03
      9962 -5.750924E-03
      1659  4.325720E-07
      9963 -6.992907E-03
      9964 -6.943830E-03
      9965 -6.660687E-03
      9966 -6.917070E-03
      9967 -9.649803E-03
      1660  4.152748E-07
      9968 -6.980743E-03
      9969 -7.012435E-03
      9970 -6.939977E-03
      9971 -6.664220E-03
      1661  4.175390E-07
      9972 -6.152633E-03
      9973 -6.588301E-03
      9974 -5.758101E-03
      1662  1.131277E-06
      9975 -9.775376E-03
      9976 -9.899042E-03
      9977 -9.775296E-03
      9978 -9.559595E-03
      1663  1.302436E-06
      9979 -6.742929E-03
      9980 -7.739355E-03
      9981 -5.991829E-03
      1664  4.073561E-07
      9982 -6.530901E-03
      9983 -6.058662E-03
      9984 -5.661879E-03
      9985 -6.364047E-03
      1665  1.454736E-06
      9986 -9.375986E-03
      9987 -9.210571E-03
      9988 -1.010831E-02
      9989 -8.640298E-03
      9990 -9.444692E-03
      1666  1.123987E-05
      9991 -1.026645E-02
      9992 -1.102179E-02
      9993 -9.421906E-03
      9994 -9.561254E-03
      1667  2.679252E-06
      9995 -9.615556E-03
      9996 -9.622051E-03
      1668  1.111761E-06
      9997 -7.963032E-03
      9998 -6.981205E-03
      9999 -6.178557E-03
     10000 -8.933811E-03
      1669  1.671891E-06
     10001 -1.008679E-02
     10002 -1.021051E-02
      1670  1.291675E-06
     10003 -9.269898E-03
     10004 -9.536740E-03
     10005 -9.848696E-03
     10006 -9.094191E-03
      1671  2.077050E-06
     10007 -8.541842E-03
     10008 -9.402074E-03
      1672  2.850154E-06
     10009 -9.661819E-03
     10010 -9.838753E-03
     10011 -1.023919E-02
      1673  2.553536E-06
     10012 -9.695517E-03
     10013 -9.514883E-03
     10014 -1.000784E-02
      1674  1.846509E-06
     10015 -9.374234E-03
     10016 -9.387154E-03
     10017 -9.517947E-03
      1675  9.807663E-07
     10018 -9.454977E-03
     10019 -1.016716E-02
     10020 -9.231660E-03
      1676  2.415409E-06
     10021 -1.086605E-02
     10022 -1.077019E-02
     10023 -1.057699E-02
      1677  1.443401E-06
     10024 -1.013847E-02
     10025 -9.989635E-03
     10026 -1.069830E-02
      1678  3.290173E-07
     10027 -6.691984E-03
     10028 -6.863480E-03
     10029 -6.626307E-03
     10030 -6.478086E-03
     10031 -1.023733E-02
      1679  9.531814E-07
     10032 -6.220118E-03
     10033 -5.892509E-03
      1680  2.904930E-06
     10034 -9.765254E-03
     10035 -9.579125E-03
     10036 -9.537778E-03
      1681  7.484243E-07
     10037 -6.761375E-03
     10038 -6.877573E-03
      1682  2.056208E-06
     10039 -9.757615E-03
     10040 -9.615519E-03
     10041 -7.532697E-03
      1683  2.996329E-06
     10042 -8.937982E-03
     10043 -9.363339E-03
      1684  7.390976E-07
     10044 -6.868006E-03
     10045 -6.821528E-03
     10046 -6.941511E-03
     10047 -9.802923E-03
      1685  4.610447E-07
     10048 -6.613939E-03
     10049 -6.602057E-03
     10050 -6.769042E-03
      1686  3.305323E-07
     10051 -6.526859E-03
     10052 -6.450572E-03
      1687  3.128853E-06
     10053 -7.893414E-03
     10054 -7.795781E-03
     10055 -7.792740E-03
     10056 -7.901048E-03
      1688  1.760224E-06
     10057 -8.346770E-03
     10058 -8.907898E-03
     10059 -9.315014E-03
     10060 -8.816111E-03
     10061 -9.879852E-03
      1689  4.589892E-07
     10062 -6.469345E-03
     10063 -6.449993E-03
     10064 -6.929838E-03
     10065 -6.248893E-03
      1690  8.024175E-07
     10066 -6.032574E-03
     10067 -6.402346E-03
     10068 -9.451602E-03
     10069 -7.678640E-03
     10070 -9.454714E-03
     10071 -9.075717E-03
      1691  6.081592E-07
     10072 -6.550403E-03
     10073 -6.656001E-03
     10074 -6.686752E-03
      1692  4.652444E-07
     10075 -6.481009E-03
     10076 -6.516911E-03
      1693  1.102067E-06
     10077 -9.607774E-03
     10078 -8.194131E-03
     10079 -9.457726E-03
      1694  4.781860E-06
     10080 -1.100312E-02
     10081 -1.150763E-02
     10082 -5.956674E-03
      1695  1.059061E-06
     10083 -1.059374E-02
     10084 -9.554621E-03
      1696  3.375188E-06
     10085 -1.109748E-02
     10086 -1.001791E-02
     10087 -1.175822E-02
      1697  1.889519E-06
     10088 -9.709236E-03
     10089 -9.346149E-03
     10090 -1.062186E-02
      1698  1.392195E-06
     10091 -9.048125E-03
     10092 -8.822339E-03
     10093 -8.193145E-03
     10094 -8.824833E-03
     10095 -1.097943E-02
     10096 -1.126126E-02
      1699  1.652056E-06
     10097 -9.268215E-03
     10098 -9.314592E-03
     10099 -9.719424E-03
     10100 -6.700250E-03
      1700  1.438118E-06
     10101 -6.326610E-03
     10102 -6.959000E-03
     10103 -1.020843E-02
     10104 -7.168148E-03
      1701  3.427835E-06
     10105 -9.394449E-03
     10106 -1.021461E-02
     10107 -8.613083E-03
     10108 -7.323160E-03
      1702  1.811333E-06
     10109 -7.084201E-03
     10110 -7.220439E-03
     10111 -7.771661E-03
      1703  1.116342E-06
     10112 -7.094155E-03
     10113 -6.499894E-03
     10114 -7.286213E-03
      1704  5.718004E-07
     10115 -5.990644E-03
     10116 -6.067242E-03
     10117 -6.553126E-03
      1705  3.298250E-07
     10118 -5.553720E-03
     10119 -5.617672E-03
      1706  2.158267E-06
     10120 -9.504516E-03
     10121 -8.769439E-03
     10122 -7.863192E-03
     10123 -1.019202E-02
     10124 -1.073998E-02
     10125 -5.906033E-03
      1707  1.527955E-06
     10126 -6.768867E-03
     10127 -8.005974E-03
     10128 -9.421451E-03
     10129 -6.853809E-03
      1708  8.541925E-07
     10130 -6.946940E-03
     10131 -6.177807E-03
     10132 -1.027129E-02
     10133 -5.885972E-03
     10134 -9.431485E-03
     10135 -1.100845E-02
     10136 -7.474123E-03
      1709  4.288716E-06
     10137 -1.120173E-02
     10138 -1.047545E-02
      1710  1.549993E-06
     10139 -9.884388E-03
     10140 -9.085505E-03
     10141 -7.720747E-03
     10142 -9.868535E-03
      1711  8.816887E-07
     10143 -7.934219E-03
     10144 -7.911287E-03
     10145 -8.120416E-03
     10146 -1.105344E-02
     10147 -8.760782E-03
     10148 -8.985261E-03
     10149 -8.012478E-03
     10150 -7.150818E-03
     10151 -1.117810E-02
      1712  1.503977E-06
     10152 -8.126635E-03
     10153 -6.900793E-03
     10154 -6.023687E-03
     10155 -9.045064E-03
     10156 -7.523590E-03
      1713  4.101014E-06
     10157 -1.138655E-02
     10158 -1.125858E-02
      1714  1.750043E-06
     10159 -8.151516E-03
     10160 -8.622974E-03
     10161 -7.964728E-03
     10162 -8.361036E-03
     10163 -1.067310E-02
     10164 -9.649779E-03
     10165 -9.319955E-03
     10166 -7.917040E-03
     10167 -8.536349E-03
     10168 -9.926929E-03
     10169 -9.061577E-03
